# ID Name Tile g_ZP r_ZP i_ZP z_ZP Y_ZP
NGC_288 DES0052-2623 1.0331 -3.3912  1.0257 -2.9866  1.0245 -3.0128  1.0296 -3.0817  1.0086 -1.7806 
Whiting_1 DES0203-0333 1.0193 -1.4864  1.0321 -3.5824  1.0297 -3.3757  1.0222 -3.3204  1.0134 -0.7287
NGC_1261 DES0312-5457 1.0374 -3.3557  1.0495 -2.2037  1.0595 -3.6412  1.0615 -3.7839  1.0318 -1.1063   
AM_1 DES0356-4957 1.0113 -2.9171  1.0202 -3.1122  1.0255 -3.3372  1.0314 -3.2539  1.0131 -03138 
Eridanus DES0424-2124 1.0187 -1.7692  1.0329 -3.1352  1.0343 -3.5002  1.0297 -2.9795  1.0247 -2.0044
NGC_1851 DES0515-3957 1.0301 -3.0491  1.0545 -3.6363  1.0424 -2.8856  1.0707 -4.1149  1.0268 -2.4300
NGC_1851 DES0511-3957 1.0229 -3.2724  1.0246 -3.3166  1.0242 -2.7130  1.0367 -3.3305  1.0194 -2.3859
NGC_1904 DES0523-2415 1.0219 -3.0488  1.0447 -2.3872  1.0544 -3.6906  1.0491 -3.1425  1.0484 -2.7957
NGC_7089 DES2134-0041 1.0232 -3.2450  1.0496 -3.7151  1.0304 -3.2121  1.0409 -3.1384  1.0283 -2.2953 
Sculptor_dwarf_galaxy DES0100-3332 1.0179 -2.6291  1.0626 -4.1464  1.0279 -3.3073  1.0145 -2.9926  1.0049 -2.0160
Sculptor_dwarf_galaxy DES0100-3415 1.0206 -3.1700  1.0416 -3.8097  1.0294 -3.4073  1.0245 -3,3166  1.0123 -2.2398
Sculptor_dwarf_galaxy DES0057-3332 1.0297 -3.1189  1.0199. -3.0503  1.0218 -3.1347  0.9956 -2.3047  1.0139 -0.3500 
Sculptor_dwarf_galaxy DES0057-3415 1.0095 -2.5706  1.0333 -3.5742  1.0408 -3.7050  1.0356 -3.4831  1.0178 -2.5081
No DES0221-0958 1.0105 -2.7564  1.0219 -3.1563  1.0300 -3.3054  1.0609 -2.5058  1.0472 -2.6643
No DES0224-0958 1.0121 -2.7973  1.0243 -3.1241  1.0222 -3.1016  1.0202 -1.4360  1.0078 -1.8200
Fornax_dwarf_galaxy DES0240-3415 1.0130 -1.6248  1.0452 -3.8577  1.0293 -3.2992  1.0275 -3.2984  1.0147 2.0849
Fornax_dwarf_galaxy DES0237-3415 1.0118 -2.8588  1.0247 -1.3725  1.0053 -4.5103  1.0072 4.4302   0.9974 4.5519
Fornax_dwarf_galaxy DES0238-3457 1.0236 -3.3049  1.0299 -3.2152  1.0300 -3.2047  1.0113 -2.7796  1.0123 -0.2001
Fornax_dwarf_galaxy DES0241-3457 1.0173 -3.0778  1.0187 -3.1428  1.0151 -2.9767  1.0346 -3.5253  1.0174 -2.8501
